960
63000
24300
2880
430080
3240
2200
33108
38400
306180
144000
214573
589824
58320
95256
983900459
70400
1904
10000
51030
957262828
448
147456
32400
69888
161280
118800
12348
536870912
134400
1530
24000
58800
926315427
66528
29250
114688
13500
653477439
24696
51
2400
641
2600
10710
64512
17640
35
3312
4560
3072
70
20
86016
92400
32
345600
322081025
11016
58
7040
22950
26880
36
2688
21840
14336
5721
46464
98304
122877509
697106497
4000
15750
1671
29484
69984
2
168960
408240
71805
50544
259200
92
69120
33792
482421315
7389
12096
19440
11
56448
17820
300
20592
121500
904152917
6541551
172800
459270
79
4752
457481
15288
1944
53940
1632
31
9000
11264
38016
67
405
2403381
24192
29120
49280
59136
504
4200
288
20160
76800
83160
57024
70235461
324000
47520
4320
999999998
4480
112896
165888
2430
41600
79548
96
93312
32076
43680
16200
125
281250
6720
665
82268566
6552
54
224
71280
7897861
6765
180
700
150000
1520
1134
4896
31752
4158
3157819
270000
128
40950
11000
510205
1000000
961175759
30720
145152
1824
2250
6
2618049
28
10800
127008
442368
37800
2560
92160
15552
307200
4733
24576
108
4
994617
49392
13
388800
1001604
8550
118263990
19800
118272
5767201
182250
621008
163296
16128
85881
87480
108000
13440
79200
120
48
302400
179200
5
986129769
52920
67893369
47628
4539685
104
25
73
37440
361
272160
5625
170100
34020
200000
110
954158175
2100
373248
314928
27216
969
241920
117
288000
18480
216000
2592
38880
59400
91857
262440
1260
17424
31200
20736
73728
193536
4914
4536
243000
21
8448
9900
103680
981028563
217728
810
27000
42120
10240
145800
21383
3264
3584
112
786432
320
95
6600
16380
226800
45000
25002
660
160
32805
23328
50000
119
3375
5073
6075
36864
74880
7560
5044
1615
8064
23100
291600
23760
136080
49500
32256
207360
1215
787320
567
3780
4800
540
225792
22848
300000
85536
900
3960
202500
3528
103
142884
583200
294912
97200
168000
9425
987
916855204
67200
22464
432000
47040
204120
5601
2156
5400
20480
34944
126
5040
68
8624
33696
725573
1920
1848
23040
64
614400
3864
2097152
41472
16464
125440
48510
110592
89100
4312
7500
4410
633
912
7392
82944
25600
129
44928
1584
16224
245760
48384
64922375
59
198450
5824
256000
36960
7920
30
7128
115200
4725
33
6399199
150528
8250
99
368640
34848
1
8
967669583
768
3564
14256
88704
922505446
34
3600
44800
8424
44
105840
21600
28080
55
2520
50
52
11085765
85050
48600
38497
5304
124
23400
42105
27456
13122
9489
76
346742385
164640
257
696
109
128000
1620
30973
998244353
176400
18240
75264
999999937
7785
21000
31500
42768
23115571
7390
80640
22
54880
2352
9504
248832
141120
13230
131
24480
118
792
3360
1500
33401221
589833267
61966
2025
4655
215040
12240
32000
7056
2736
43200
11232
47958485
8000
92317161
126720
2000
19200
14560
16000
519
4374
279936
2376
3696
18816
7
3371
2310
100696425
4050
46
24750
100800
22176
252000
10500
142560
14
81000
86400
16524
184320
63360
1701
70200
12800
67500
18720
3168
5184
622080
78000
10752
393216
116
196608
54000
3510
18432
13860
2304
4160
172032
432255
105000
33600
31104
1249
62208
115248
8960
999999999
2906162
1386
236250
3
9180
391
268800
61440
14700
84480
14688
476014
16
138240
18
95040
11664
131980
1817
116640
468
1890
35280
56700
211680
63504
78
72576
24
21870
9409159
192
5376
2940
6300
69
94
44550
816
28000
15840
5657
3120
21384
193
9800
22500
80949857
65610
524880
68040
1600
70560
12000
2431
40320
5200
84240
8320
42000
9450
10368
3645
546750
559
630
57
2707
43
501
76032
2720
5616
31590
2160
113
111
85
8826131
80
10080
53760
28800
16800
35503
311040
194400
135
39600
6400
8015864
84579
65536
35640
336000
21168
491520
8316
64152
360000
40960
133650
34560
72
6750
3000
486000
72900
364500
8640
129600
221184
27184698
655360
14040
474
7680
524288
23
2340
805306368
62
746803744
20328
32670
169344
340200
42755209
8347
10
1741
102
18000
5280
42336
121
108864
9600
42
5297
170
1512
949106497
6840
1680
129024
25920
122880
5760
393660
9216
17920
396
934
12672
8087519
194241
41580
110250
281
4608
48000
84
124416
96228
5250
2070
938017885
362
813
123
81
132300
646
25490988
104976
4943
77
20000
65
8400
94080
7455307
4675
48238
53
323
331776
50400
17550
74
900360029
35100
625433749
94770
45360
94500
101
230400
8372259
29160
186624
576
15120
6930
17136
301056
1008
699840
1323
105
50688
99000
29952
226151256
441
673921
7776
57624
96768
8100
7290
6037
71
46080
157464
85712697
466560
15876
5520
101250
964532929
64800
6480
153600
75
9408
96000
57600
84000
864
989447237
26
87
49920
8208
32768
74088
5940
29700
75600
52488
1000000000
2016
395
4704
30240
36283838
123480
54600
49000
4680
7025
30030
56
235200
127
17280
122
1001
163840
12150
63
10260
40
189
420
131220
151200
180000
1836
240000
28512
17
81920
480000
640
81648
21504
40824
34111
98
60
12870
322560
105600
4032
47473
405000
5000
70000
106
1440
22680
1728
47
216
12960
162000
13056
2640
27720
472392
91
19656
473
4788
89
15400
13680
57344
115
26460
10560
135000
43740
209952
181440
9100
244944
517759
11340
66
51840
132000
3509575
587234
4488
3024
67584
97
9240
139968
12288
349920
1048576
21952
19008
37
6804
66150
56160
688978813
9
3456
112000
83
34300
414720
55296
90
15
8976
375000
29
54432
39936
58054077
72000
1764
7200
8772
409342369
9827
25200
5808
23232
102060
49896
16320
8660
99840
98415
78750
2730
14400
33750
998506315
15680
120000
5120
233280
38
282791
1960
89600
63180
29400
552960
192000
7938
60480
518400
1056
64680
93
14112
201600
31680
88
362880
672
49
77760
52800
45
28672
4620
782
12768
90720
174960
107520
107
8748
2268
1100
3900
32640
1800
7296
61740
5346
12544
5600
460800
276480
49152
13824
546
155520
86
